sternum_ribs
0.00 0.00 0.00
1 0 0
0 1 0
0 0 1

clavicle_right
32.54 -14.38 -3.71
0.839310 -0.290260 0.459682
0.426595 0.875777 -0.225902
-0.337008 0.385700 0.858872

scapula_right
161.94 -59.13 67.16
0.672890 0.699955 0.239335
-0.602196 0.706216 -0.372315 
-0.429626 0.106400 0.896717

humerus_right
180.77 -63.80 27.84
1 0 0
0 1 0
0 0 1

ulna_right
181.58 -38.61 -275.45
0.966939 0 0.255007
0 1 0
-0.255007 0 0.966939

radius_right
204.62 -38.61 -269.37
0.954823 -0.006175 0.297110
-0.000990 0.999712 0.023961
-0.297173 -0.023172 0.954542
